  40.0 0.000E+00 0.906E+00 0.955E+00 0.968E+00 0.976E+00 0.980E+00 0.982E+00 0.983E+00 0.983E+00 0.985E+00 0.985E+00 0.987E+00 0.987E+00 0.987E+00 0.987E+00 0.989E+00 0.989E+00 0.989E+00 0.989E+00 0.991E+00 0.991E+00 0.991E+00
  50.0 0.906E+00 0.500E+00 0.936E+00 0.966E+00 0.976E+00 0.982E+00 0.983E+00 0.985E+00 0.987E+00 0.989E+00 0.989E+00 0.989E+00 0.991E+00 0.991E+00 0.991E+00 0.991E+00 0.993E+00 0.993E+00 0.993E+00 0.993E+00 0.993E+00 0.993E+00
  60.0 0.955E+00 0.936E+00 0.600E+00 0.945E+00 0.972E+00 0.980E+00 0.983E+00 0.987E+00 0.989E+00 0.989E+00 0.991E+00 0.991E+00 0.991E+00 0.993E+00 0.993E+00 0.993E+00 0.993E+00 0.995E+00 0.995E+00 0.995E+00 0.995E+00 0.995E+00
  70.0 0.968E+00 0.966E+00 0.945E+00 0.820E+00 0.951E+00 0.974E+00 0.982E+00 0.985E+00 0.989E+00 0.989E+00 0.991E+00 0.991E+00 0.993E+00 0.993E+00 0.993E+00 0.995E+00 0.995E+00 0.995E+00 0.995E+00 0.995E+00 0.995E+00 0.997E+00
  80.0 0.976E+00 0.976E+00 0.972E+00 0.951E+00 0.964E+00 0.955E+00 0.976E+00 0.983E+00 0.987E+00 0.989E+00 0.991E+00 0.993E+00 0.993E+00 0.993E+00 0.995E+00 0.995E+00 0.995E+00 0.995E+00 0.995E+00 0.997E+00 0.997E+00 0.997E+00
  90.0 0.980E+00 0.982E+00 0.980E+00 0.974E+00 0.955E+00 1.138E+00 0.958E+00 0.978E+00 0.985E+00 0.987E+00 0.991E+00 0.991E+00 0.993E+00 0.993E+00 0.995E+00 0.995E+00 0.995E+00 0.995E+00 0.997E+00 0.997E+00 0.997E+00 0.997E+00
 100.0 0.982E+00 0.983E+00 0.983E+00 0.982E+00 0.976E+00 0.958E+00 1.347E+00 0.962E+00 0.980E+00 0.985E+00 0.989E+00 0.991E+00 0.993E+00 0.993E+00 0.995E+00 0.995E+00 0.995E+00 0.995E+00 0.997E+00 0.997E+00 0.997E+00 0.997E+00
 110.0 0.983E+00 0.985E+00 0.987E+00 0.985E+00 0.983E+00 0.978E+00 0.962E+00 1.599E+00 0.968E+00 0.982E+00 0.987E+00 0.989E+00 0.991E+00 0.993E+00 0.993E+00 0.995E+00 0.995E+00 0.995E+00 0.997E+00 0.997E+00 0.997E+00 0.997E+00
 120.0 0.983E+00 0.987E+00 0.989E+00 0.989E+00 0.987E+00 0.985E+00 0.980E+00 0.968E+00 1.893E+00 0.974E+00 0.983E+00 0.987E+00 0.991E+00 0.991E+00 0.993E+00 0.995E+00 0.995E+00 0.995E+00 0.997E+00 0.997E+00 0.997E+00 0.997E+00
 130.0 0.985E+00 0.989E+00 0.989E+00 0.989E+00 0.989E+00 0.987E+00 0.985E+00 0.982E+00 0.974E+00 2.234E+00 0.982E+00 0.985E+00 0.989E+00 0.991E+00 0.993E+00 0.993E+00 0.995E+00 0.995E+00 0.997E+00 0.997E+00 0.997E+00 0.997E+00
 140.0 0.985E+00 0.989E+00 0.991E+00 0.991E+00 0.991E+00 0.991E+00 0.989E+00 0.987E+00 0.983E+00 0.982E+00 2.622E+00 0.989E+00 0.987E+00 0.989E+00 0.991E+00 0.993E+00 0.995E+00 0.995E+00 0.995E+00 0.997E+00 0.997E+00 0.997E+00
 150.0 0.987E+00 0.989E+00 0.991E+00 0.991E+00 0.993E+00 0.991E+00 0.991E+00 0.989E+00 0.987E+00 0.985E+00 0.989E+00 3.046E+00 0.997E+00 0.989E+00 0.991E+00 0.993E+00 0.993E+00 0.995E+00 0.995E+00 0.997E+00 0.997E+00 0.997E+00
 160.0 0.987E+00 0.991E+00 0.991E+00 0.993E+00 0.993E+00 0.993E+00 0.993E+00 0.991E+00 0.991E+00 0.989E+00 0.987E+00 0.997E+00 3.490E+00 0.101E+01 0.991E+00 0.993E+00 0.993E+00 0.995E+00 0.995E+00 0.997E+00 0.997E+00 0.997E+00
 170.0 0.987E+00 0.991E+00 0.993E+00 0.993E+00 0.993E+00 0.993E+00 0.993E+00 0.993E+00 0.991E+00 0.991E+00 0.989E+00 0.989E+00 0.101E+01 3.983E+00 0.102E+01 0.995E+00 0.993E+00 0.995E+00 0.995E+00 0.997E+00 0.997E+00 0.997E+00
 180.0 0.987E+00 0.991E+00 0.993E+00 0.993E+00 0.995E+00 0.995E+00 0.995E+00 0.993E+00 0.993E+00 0.993E+00 0.991E+00 0.991E+00 0.991E+00 0.102E+01 4.539E+00 0.103E+01 0.999E+00 0.995E+00 0.995E+00 0.997E+00 0.997E+00 0.997E+00
 190.0 0.989E+00 0.991E+00 0.993E+00 0.995E+00 0.995E+00 0.995E+00 0.995E+00 0.995E+00 0.995E+00 0.993E+00 0.993E+00 0.993E+00 0.993E+00 0.995E+00 0.103E+01 5.198E+00 0.104E+01 0.100E+01 0.997E+00 0.997E+00 0.997E+00 0.997E+00
 200.0 0.989E+00 0.993E+00 0.993E+00 0.995E+00 0.995E+00 0.995E+00 0.995E+00 0.995E+00 0.995E+00 0.995E+00 0.995E+00 0.993E+00 0.993E+00 0.993E+00 0.999E+00 0.104E+01 5.923E+00 0.106E+01 0.101E+01 0.100E+01 0.999E+00 0.999E+00
 210.0 0.989E+00 0.993E+00 0.995E+00 0.995E+00 0.995E+00 0.995E+00 0.995E+00 0.995E+00 0.995E+00 0.995E+00 0.995E+00 0.995E+00 0.995E+00 0.995E+00 0.995E+00 0.100E+01 0.106E+01 6.680E+00 0.108E+01 0.101E+01 0.100E+01 0.100E+01
 220.0 0.989E+00 0.993E+00 0.995E+00 0.995E+00 0.995E+00 0.997E+00 0.997E+00 0.997E+00 0.997E+00 0.997E+00 0.995E+00 0.995E+00 0.995E+00 0.995E+00 0.995E+00 0.997E+00 0.101E+01 0.108E+01 7.491E+00 0.109E+01 0.102E+01 0.100E+01
 230.0 0.991E+00 0.993E+00 0.995E+00 0.995E+00 0.997E+00 0.997E+00 0.997E+00 0.997E+00 0.997E+00 0.997E+00 0.997E+00 0.997E+00 0.997E+00 0.997E+00 0.997E+00 0.997E+00 0.100E+01 0.101E+01 0.109E+01 8.425E+00 0.112E+01 0.102E+01
 240.0 0.991E+00 0.993E+00 0.995E+00 0.995E+00 0.997E+00 0.997E+00 0.997E+00 0.997E+00 0.997E+00 0.997E+00 0.997E+00 0.997E+00 0.997E+00 0.997E+00 0.997E+00 0.997E+00 0.999E+00 0.100E+01 0.102E+01 0.112E+01 8.995E+00 0.114E+01
 250.0 0.991E+00 0.993E+00 0.995E+00 0.997E+00 0.997E+00 0.997E+00 0.997E+00 0.997E+00 0.997E+00 0.997E+00 0.997E+00 0.997E+00 0.997E+00 0.997E+00 0.997E+00 0.997E+00 0.999E+00 0.100E+01 0.100E+01 0.102E+01 0.114E+01 8.995E+00
