   1.0 0.195E-01 0.195E-01 0.144E-01 0.105E-01 0.790E-02 0.626E-02 0.481E-02 0.403E-02 0.332E-02 0.268E-02 0.229E-02 0.193E-02 0.176E-02 0.145E-02 0.131E-02 0.117E-02 0.104E-02 0.916E-03 0.802E-03 0.802E-03 0.695E-03 0.596E-03 0.596E-03 0.596E-03 0.504E-03 0.504E-03 0.504E-03 0.504E-03 0.504E-03 0.504E-03 0.504E-03 0.504E-03 0.504E-03 0.504E-03 0.504E-03 0.596E-03 0.596E-03 0.596E-03 0.596E-03 0.596E-03
   2.0 0.195E-01 0.227E-01 0.260E-01 0.223E-01 0.184E-01 0.154E-01 0.131E-01 0.109E-01 0.897E-02 0.790E-02 0.657E-02 0.565E-02 0.508E-02 0.428E-02 0.379E-02 0.355E-02 0.310E-02 0.288E-02 0.248E-02 0.229E-02 0.211E-02 0.193E-02 0.193E-02 0.176E-02 0.160E-02 0.160E-02 0.160E-02 0.145E-02 0.145E-02 0.145E-02 0.145E-02 0.145E-02 0.160E-02 0.160E-02 0.160E-02 0.176E-02 0.176E-02 0.176E-02 0.193E-02 0.193E-02
   3.0 0.144E-01 0.260E-01 0.272E-01 0.285E-01 0.253E-01 0.223E-01 0.195E-01 0.169E-01 0.144E-01 0.126E-01 0.109E-01 0.973E-02 0.861E-02 0.755E-02 0.689E-02 0.626E-02 0.565E-02 0.536E-02 0.508E-02 0.454E-02 0.428E-02 0.403E-02 0.403E-02 0.379E-02 0.379E-02 0.355E-02 0.355E-02 0.355E-02 0.379E-02 0.379E-02 0.403E-02 0.403E-02 0.428E-02 0.454E-02 0.481E-02 0.536E-02 0.565E-02 0.626E-02 0.657E-02 0.722E-02
   4.0 0.105E-01 0.223E-01 0.285E-01 0.292E-01 0.299E-01 0.272E-01 0.241E-01 0.212E-01 0.190E-01 0.169E-01 0.149E-01 0.135E-01 0.126E-01 0.118E-01 0.109E-01 0.101E-01 0.973E-02 0.935E-02 0.897E-02 0.897E-02 0.861E-02 0.861E-02 0.861E-02 0.897E-02 0.935E-02 0.973E-02 0.101E-01 0.109E-01 0.118E-01 0.135E-01 0.154E-01 0.174E-01 0.212E-01 0.253E-01 0.306E-01 0.370E-01 0.449E-01 0.536E-01 0.630E-01 0.732E-01
   5.0 0.790E-02 0.184E-01 0.253E-01 0.299E-01 0.299E-01 0.299E-01 0.272E-01 0.247E-01 0.223E-01 0.206E-01 0.184E-01 0.174E-01 0.169E-01 0.164E-01 0.159E-01 0.159E-01 0.159E-01 0.164E-01 0.169E-01 0.179E-01 0.195E-01 0.212E-01 0.235E-01 0.266E-01 0.312E-01 0.370E-01 0.433E-01 0.518E-01 0.601E-01 0.700E-01 0.808E-01 0.922E-01 0.104E+00 0.117E+00 0.131E+00 0.144E+00 0.158E+00 0.172E+00 0.187E+00 0.201E+00
   6.0 0.626E-02 0.154E-01 0.223E-01 0.272E-01 0.299E-01 0.302E-01 0.306E-01 0.272E-01 0.247E-01 0.229E-01 0.217E-01 0.212E-01 0.206E-01 0.212E-01 0.223E-01 0.235E-01 0.253E-01 0.285E-01 0.326E-01 0.385E-01 0.466E-01 0.554E-01 0.660E-01 0.775E-01 0.899E-01 0.103E+00 0.117E+00 0.131E+00 0.146E+00 0.161E+00 0.176E+00 0.191E+00 0.206E+00 0.222E+00 0.239E+00 0.255E+00 0.271E+00 0.285E+00 0.302E+00 0.318E+00
   7.0 0.481E-02 0.131E-01 0.195E-01 0.241E-01 0.272E-01 0.306E-01 0.302E-01 0.299E-01 0.272E-01 0.253E-01 0.235E-01 0.235E-01 0.241E-01 0.260E-01 0.285E-01 0.326E-01 0.385E-01 0.474E-01 0.601E-01 0.742E-01 0.899E-01 0.107E+00 0.124E+00 0.141E+00 0.160E+00 0.177E+00 0.196E+00 0.213E+00 0.230E+00 0.247E+00 0.265E+00 0.283E+00 0.300E+00 0.318E+00 0.333E+00 0.351E+00 0.368E+00 0.385E+00 0.399E+00 0.414E+00
   8.0 0.403E-02 0.109E-01 0.169E-01 0.212E-01 0.247E-01 0.272E-01 0.299E-01 0.299E-01 0.299E-01 0.266E-01 0.247E-01 0.247E-01 0.260E-01 0.285E-01 0.341E-01 0.417E-01 0.536E-01 0.700E-01 0.899E-01 0.112E+00 0.134E+00 0.158E+00 0.180E+00 0.203E+00 0.224E+00 0.245E+00 0.265E+00 0.285E+00 0.304E+00 0.324E+00 0.342E+00 0.361E+00 0.380E+00 0.397E+00 0.414E+00 0.432E+00 0.447E+00 0.463E+00 0.479E+00 0.496E+00
   9.0 0.332E-02 0.897E-02 0.144E-01 0.190E-01 0.223E-01 0.247E-01 0.272E-01 0.299E-01 0.292E-01 0.285E-01 0.247E-01 0.247E-01 0.260E-01 0.299E-01 0.363E-01 0.474E-01 0.660E-01 0.887E-01 0.116E+00 0.144E+00 0.174E+00 0.201E+00 0.228E+00 0.255E+00 0.279E+00 0.302E+00 0.326E+00 0.347E+00 0.368E+00 0.389E+00 0.407E+00 0.427E+00 0.445E+00 0.463E+00 0.479E+00 0.496E+00 0.512E+00 0.529E+00 0.544E+00 0.558E+00
  10.0 0.268E-02 0.790E-02 0.126E-01 0.169E-01 0.206E-01 0.229E-01 0.253E-01 0.266E-01 0.285E-01 0.269E-01 0.253E-01 0.241E-01 0.253E-01 0.285E-01 0.355E-01 0.491E-01 0.711E-01 0.101E+00 0.134E+00 0.169E+00 0.204E+00 0.237E+00 0.269E+00 0.298E+00 0.324E+00 0.351E+00 0.375E+00 0.399E+00 0.422E+00 0.442E+00 0.463E+00 0.482E+00 0.501E+00 0.518E+00 0.535E+00 0.552E+00 0.567E+00 0.585E+00 0.597E+00 0.612E+00
  11.0 0.229E-02 0.657E-02 0.109E-01 0.149E-01 0.184E-01 0.217E-01 0.235E-01 0.247E-01 0.247E-01 0.253E-01 0.259E-01 0.266E-01 0.253E-01 0.272E-01 0.341E-01 0.466E-01 0.700E-01 0.104E+00 0.144E+00 0.185E+00 0.224E+00 0.263E+00 0.298E+00 0.331E+00 0.361E+00 0.389E+00 0.417E+00 0.442E+00 0.463E+00 0.488E+00 0.507E+00 0.526E+00 0.547E+00 0.564E+00 0.582E+00 0.597E+00 0.612E+00 0.627E+00 0.643E+00 0.655E+00
  12.0 0.193E-02 0.565E-02 0.973E-02 0.135E-01 0.174E-01 0.212E-01 0.235E-01 0.247E-01 0.247E-01 0.241E-01 0.266E-01 0.263E-01 0.260E-01 0.260E-01 0.299E-01 0.409E-01 0.630E-01 0.995E-01 0.144E+00 0.191E+00 0.236E+00 0.279E+00 0.320E+00 0.356E+00 0.389E+00 0.419E+00 0.450E+00 0.474E+00 0.499E+00 0.524E+00 0.544E+00 0.564E+00 0.582E+00 0.600E+00 0.618E+00 0.633E+00 0.649E+00 0.665E+00 0.678E+00 0.691E+00
  13.0 0.176E-02 0.508E-02 0.861E-02 0.126E-01 0.169E-01 0.206E-01 0.241E-01 0.260E-01 0.260E-01 0.253E-01 0.253E-01 0.260E-01 0.260E-01 0.260E-01 0.266E-01 0.341E-01 0.509E-01 0.853E-01 0.134E+00 0.187E+00 0.237E+00 0.287E+00 0.331E+00 0.373E+00 0.409E+00 0.442E+00 0.474E+00 0.501E+00 0.526E+00 0.552E+00 0.573E+00 0.594E+00 0.615E+00 0.630E+00 0.649E+00 0.665E+00 0.681E+00 0.694E+00 0.707E+00 0.720E+00
  14.0 0.145E-02 0.428E-02 0.755E-02 0.118E-01 0.164E-01 0.212E-01 0.260E-01 0.285E-01 0.299E-01 0.285E-01 0.272E-01 0.260E-01 0.260E-01 0.260E-01 0.260E-01 0.285E-01 0.393E-01 0.660E-01 0.114E+00 0.172E+00 0.230E+00 0.285E+00 0.335E+00 0.380E+00 0.422E+00 0.458E+00 0.493E+00 0.524E+00 0.549E+00 0.576E+00 0.597E+00 0.618E+00 0.640E+00 0.659E+00 0.675E+00 0.691E+00 0.704E+00 0.720E+00 0.733E+00 0.744E+00
  15.0 0.131E-02 0.379E-02 0.689E-02 0.109E-01 0.159E-01 0.223E-01 0.285E-01 0.341E-01 0.363E-01 0.355E-01 0.341E-01 0.299E-01 0.266E-01 0.260E-01 0.260E-01 0.260E-01 0.306E-01 0.474E-01 0.864E-01 0.146E+00 0.212E+00 0.273E+00 0.331E+00 0.382E+00 0.427E+00 0.469E+00 0.504E+00 0.538E+00 0.567E+00 0.594E+00 0.618E+00 0.640E+00 0.659E+00 0.678E+00 0.694E+00 0.710E+00 0.727E+00 0.740E+00 0.754E+00 0.764E+00
  16.0 0.117E-02 0.355E-02 0.626E-02 0.101E-01 0.159E-01 0.235E-01 0.326E-01 0.417E-01 0.474E-01 0.491E-01 0.466E-01 0.409E-01 0.341E-01 0.285E-01 0.260E-01 0.263E-01 0.266E-01 0.341E-01 0.582E-01 0.112E+00 0.180E+00 0.251E+00 0.315E+00 0.373E+00 0.424E+00 0.469E+00 0.510E+00 0.547E+00 0.576E+00 0.606E+00 0.630E+00 0.655E+00 0.675E+00 0.694E+00 0.710E+00 0.727E+00 0.744E+00 0.757E+00 0.767E+00 0.781E+00
  17.0 0.104E-02 0.310E-02 0.565E-02 0.973E-02 0.159E-01 0.253E-01 0.385E-01 0.536E-01 0.660E-01 0.711E-01 0.700E-01 0.630E-01 0.509E-01 0.393E-01 0.306E-01 0.266E-01 0.272E-01 0.279E-01 0.385E-01 0.732E-01 0.140E+00 0.217E+00 0.290E+00 0.356E+00 0.414E+00 0.466E+00 0.510E+00 0.549E+00 0.585E+00 0.615E+00 0.640E+00 0.665E+00 0.687E+00 0.707E+00 0.723E+00 0.740E+00 0.757E+00 0.771E+00 0.781E+00 0.795E+00
  18.0 0.916E-03 0.288E-02 0.536E-02 0.935E-02 0.164E-01 0.285E-01 0.474E-01 0.700E-01 0.887E-01 0.101E+00 0.104E+00 0.995E-01 0.853E-01 0.660E-01 0.474E-01 0.341E-01 0.279E-01 0.285E-01 0.292E-01 0.441E-01 0.911E-01 0.171E+00 0.253E+00 0.329E+00 0.394E+00 0.453E+00 0.504E+00 0.547E+00 0.585E+00 0.618E+00 0.646E+00 0.671E+00 0.697E+00 0.717E+00 0.733E+00 0.750E+00 0.767E+00 0.781E+00 0.795E+00 0.805E+00
  19.0 0.802E-03 0.248E-02 0.508E-02 0.897E-02 0.169E-01 0.326E-01 0.601E-01 0.899E-01 0.116E+00 0.134E+00 0.144E+00 0.144E+00 0.134E+00 0.114E+00 0.864E-01 0.582E-01 0.385E-01 0.292E-01 0.302E-01 0.312E-01 0.518E-01 0.114E+00 0.203E+00 0.290E+00 0.365E+00 0.432E+00 0.490E+00 0.538E+00 0.582E+00 0.618E+00 0.649E+00 0.678E+00 0.700E+00 0.723E+00 0.744E+00 0.761E+00 0.774E+00 0.791E+00 0.802E+00 0.816E+00
  20.0 0.802E-03 0.229E-02 0.454E-02 0.897E-02 0.179E-01 0.385E-01 0.742E-01 0.112E+00 0.144E+00 0.169E+00 0.185E+00 0.191E+00 0.187E+00 0.172E+00 0.146E+00 0.112E+00 0.732E-01 0.441E-01 0.312E-01 0.326E-01 0.341E-01 0.620E-01 0.140E+00 0.236E+00 0.324E+00 0.402E+00 0.469E+00 0.524E+00 0.573E+00 0.612E+00 0.646E+00 0.678E+00 0.704E+00 0.727E+00 0.747E+00 0.767E+00 0.781E+00 0.798E+00 0.809E+00 0.823E+00
  21.0 0.695E-03 0.211E-02 0.428E-02 0.861E-02 0.195E-01 0.466E-01 0.899E-01 0.134E+00 0.174E+00 0.204E+00 0.224E+00 0.236E+00 0.237E+00 0.230E+00 0.212E+00 0.180E+00 0.140E+00 0.911E-01 0.518E-01 0.341E-01 0.000E+00 0.370E-01 0.742E-01 0.167E+00 0.269E+00 0.361E+00 0.437E+00 0.501E+00 0.558E+00 0.603E+00 0.643E+00 0.675E+00 0.704E+00 0.730E+00 0.750E+00 0.771E+00 0.788E+00 0.802E+00 0.816E+00 0.827E+00
  22.0 0.596E-03 0.193E-02 0.403E-02 0.861E-02 0.212E-01 0.554E-01 0.107E+00 0.158E+00 0.201E+00 0.237E+00 0.263E+00 0.279E+00 0.287E+00 0.285E+00 0.273E+00 0.251E+00 0.217E+00 0.171E+00 0.114E+00 0.620E-01 0.370E-01 0.000E+00 0.417E-01 0.911E-01 0.196E+00 0.302E+00 0.394E+00 0.471E+00 0.535E+00 0.588E+00 0.630E+00 0.668E+00 0.700E+00 0.727E+00 0.750E+00 0.771E+00 0.788E+00 0.805E+00 0.820E+00 0.834E+00
  23.0 0.596E-03 0.193E-02 0.403E-02 0.861E-02 0.235E-01 0.660E-01 0.124E+00 0.180E+00 0.228E+00 0.269E+00 0.298E+00 0.320E+00 0.331E+00 0.335E+00 0.331E+00 0.315E+00 0.290E+00 0.253E+00 0.203E+00 0.140E+00 0.742E-01 0.417E-01 0.000E+00 0.474E-01 0.111E+00 0.226E+00 0.335E+00 0.429E+00 0.504E+00 0.564E+00 0.615E+00 0.659E+00 0.694E+00 0.723E+00 0.750E+00 0.771E+00 0.791E+00 0.809E+00 0.823E+00 0.837E+00
  24.0 0.596E-03 0.176E-02 0.379E-02 0.897E-02 0.266E-01 0.775E-01 0.141E+00 0.203E+00 0.255E+00 0.298E+00 0.331E+00 0.356E+00 0.373E+00 0.380E+00 0.382E+00 0.373E+00 0.356E+00 0.329E+00 0.290E+00 0.236E+00 0.167E+00 0.911E-01 0.474E-01 0.000E+00 0.545E-01 0.134E+00 0.259E+00 0.370E+00 0.461E+00 0.535E+00 0.594E+00 0.643E+00 0.684E+00 0.717E+00 0.744E+00 0.771E+00 0.791E+00 0.809E+00 0.823E+00 0.837E+00
  25.0 0.504E-03 0.160E-02 0.379E-02 0.935E-02 0.312E-01 0.899E-01 0.160E+00 0.224E+00 0.279E+00 0.324E+00 0.361E+00 0.389E+00 0.409E+00 0.422E+00 0.427E+00 0.424E+00 0.414E+00 0.394E+00 0.365E+00 0.324E+00 0.269E+00 0.196E+00 0.111E+00 0.545E-01 0.000E+00 0.640E-01 0.160E+00 0.290E+00 0.402E+00 0.493E+00 0.564E+00 0.621E+00 0.668E+00 0.707E+00 0.737E+00 0.764E+00 0.788E+00 0.805E+00 0.823E+00 0.837E+00
  26.0 0.504E-03 0.160E-02 0.355E-02 0.973E-02 0.370E-01 0.103E+00 0.177E+00 0.245E+00 0.302E+00 0.351E+00 0.389E+00 0.419E+00 0.442E+00 0.458E+00 0.469E+00 0.469E+00 0.466E+00 0.453E+00 0.432E+00 0.402E+00 0.361E+00 0.302E+00 0.226E+00 0.134E+00 0.640E-01 0.000E+00 0.753E-01 0.187E+00 0.324E+00 0.435E+00 0.524E+00 0.594E+00 0.646E+00 0.691E+00 0.727E+00 0.757E+00 0.781E+00 0.805E+00 0.823E+00 0.837E+00
  27.0 0.504E-03 0.160E-02 0.355E-02 0.101E-01 0.433E-01 0.117E+00 0.196E+00 0.265E+00 0.326E+00 0.375E+00 0.417E+00 0.450E+00 0.474E+00 0.493E+00 0.504E+00 0.510E+00 0.510E+00 0.504E+00 0.490E+00 0.469E+00 0.437E+00 0.394E+00 0.335E+00 0.259E+00 0.160E+00 0.753E-01 0.000E+00 0.887E-01 0.217E+00 0.356E+00 0.466E+00 0.552E+00 0.618E+00 0.671E+00 0.714E+00 0.747E+00 0.778E+00 0.798E+00 0.820E+00 0.837E+00
  28.0 0.504E-03 0.145E-02 0.355E-02 0.109E-01 0.518E-01 0.131E+00 0.213E+00 0.285E+00 0.347E+00 0.399E+00 0.442E+00 0.474E+00 0.501E+00 0.524E+00 0.538E+00 0.547E+00 0.549E+00 0.547E+00 0.538E+00 0.524E+00 0.501E+00 0.471E+00 0.429E+00 0.370E+00 0.290E+00 0.187E+00 0.887E-01 0.000E+00 0.106E+00 0.249E+00 0.389E+00 0.499E+00 0.582E+00 0.646E+00 0.694E+00 0.733E+00 0.767E+00 0.791E+00 0.816E+00 0.834E+00
  29.0 0.504E-03 0.145E-02 0.379E-02 0.118E-01 0.601E-01 0.146E+00 0.230E+00 0.304E+00 0.368E+00 0.422E+00 0.463E+00 0.499E+00 0.526E+00 0.549E+00 0.567E+00 0.576E+00 0.585E+00 0.585E+00 0.582E+00 0.573E+00 0.558E+00 0.535E+00 0.504E+00 0.461E+00 0.402E+00 0.324E+00 0.217E+00 0.106E+00 0.000E+00 0.126E+00 0.281E+00 0.422E+00 0.529E+00 0.609E+00 0.668E+00 0.717E+00 0.754E+00 0.785E+00 0.809E+00 0.830E+00
  30.0 0.504E-03 0.145E-02 0.379E-02 0.135E-01 0.700E-01 0.161E+00 0.247E+00 0.324E+00 0.389E+00 0.442E+00 0.488E+00 0.524E+00 0.552E+00 0.576E+00 0.594E+00 0.606E+00 0.615E+00 0.618E+00 0.618E+00 0.612E+00 0.603E+00 0.588E+00 0.564E+00 0.535E+00 0.493E+00 0.435E+00 0.356E+00 0.249E+00 0.126E+00 0.000E+00 0.147E+00 0.315E+00 0.455E+00 0.558E+00 0.633E+00 0.694E+00 0.737E+00 0.771E+00 0.798E+00 0.823E+00
  31.0 0.504E-03 0.145E-02 0.403E-02 0.154E-01 0.808E-01 0.176E+00 0.265E+00 0.342E+00 0.407E+00 0.463E+00 0.507E+00 0.544E+00 0.573E+00 0.597E+00 0.618E+00 0.630E+00 0.640E+00 0.646E+00 0.649E+00 0.646E+00 0.643E+00 0.630E+00 0.615E+00 0.594E+00 0.564E+00 0.524E+00 0.466E+00 0.389E+00 0.281E+00 0.147E+00 0.000E+00 0.172E+00 0.349E+00 0.488E+00 0.588E+00 0.659E+00 0.714E+00 0.757E+00 0.788E+00 0.816E+00
  32.0 0.504E-03 0.145E-02 0.403E-02 0.174E-01 0.922E-01 0.191E+00 0.283E+00 0.361E+00 0.427E+00 0.482E+00 0.526E+00 0.564E+00 0.594E+00 0.618E+00 0.640E+00 0.655E+00 0.665E+00 0.671E+00 0.678E+00 0.678E+00 0.675E+00 0.668E+00 0.659E+00 0.643E+00 0.621E+00 0.594E+00 0.552E+00 0.499E+00 0.422E+00 0.315E+00 0.172E+00 0.000E+00 0.201E+00 0.382E+00 0.518E+00 0.615E+00 0.684E+00 0.733E+00 0.774E+00 0.805E+00
  33.0 0.504E-03 0.160E-02 0.428E-02 0.212E-01 0.104E+00 0.206E+00 0.300E+00 0.380E+00 0.445E+00 0.501E+00 0.547E+00 0.582E+00 0.615E+00 0.640E+00 0.659E+00 0.675E+00 0.687E+00 0.697E+00 0.700E+00 0.704E+00 0.704E+00 0.700E+00 0.694E+00 0.684E+00 0.668E+00 0.646E+00 0.618E+00 0.582E+00 0.529E+00 0.455E+00 0.349E+00 0.201E+00 0.000E+00 0.230E+00 0.417E+00 0.549E+00 0.640E+00 0.707E+00 0.754E+00 0.791E+00
  34.0 0.504E-03 0.160E-02 0.454E-02 0.253E-01 0.117E+00 0.222E+00 0.318E+00 0.397E+00 0.463E+00 0.518E+00 0.564E+00 0.600E+00 0.630E+00 0.659E+00 0.678E+00 0.694E+00 0.707E+00 0.717E+00 0.723E+00 0.727E+00 0.730E+00 0.727E+00 0.723E+00 0.717E+00 0.707E+00 0.691E+00 0.671E+00 0.646E+00 0.609E+00 0.558E+00 0.488E+00 0.382E+00 0.230E+00 0.000E+00 0.261E+00 0.450E+00 0.579E+00 0.665E+00 0.727E+00 0.771E+00
  35.0 0.504E-03 0.160E-02 0.481E-02 0.306E-01 0.131E+00 0.239E+00 0.333E+00 0.414E+00 0.479E+00 0.535E+00 0.582E+00 0.618E+00 0.649E+00 0.675E+00 0.694E+00 0.710E+00 0.723E+00 0.733E+00 0.744E+00 0.747E+00 0.750E+00 0.750E+00 0.750E+00 0.744E+00 0.737E+00 0.727E+00 0.714E+00 0.694E+00 0.668E+00 0.633E+00 0.588E+00 0.518E+00 0.417E+00 0.261E+00 0.000E+00 0.294E+00 0.482E+00 0.606E+00 0.687E+00 0.747E+00
  36.0 0.596E-03 0.176E-02 0.536E-02 0.370E-01 0.144E+00 0.255E+00 0.351E+00 0.432E+00 0.496E+00 0.552E+00 0.597E+00 0.633E+00 0.665E+00 0.691E+00 0.710E+00 0.727E+00 0.740E+00 0.750E+00 0.761E+00 0.767E+00 0.771E+00 0.771E+00 0.771E+00 0.771E+00 0.764E+00 0.757E+00 0.747E+00 0.733E+00 0.717E+00 0.694E+00 0.659E+00 0.615E+00 0.549E+00 0.450E+00 0.294E+00 0.000E+00 0.326E+00 0.515E+00 0.633E+00 0.710E+00
  37.0 0.596E-03 0.176E-02 0.565E-02 0.449E-01 0.158E+00 0.271E+00 0.368E+00 0.447E+00 0.512E+00 0.567E+00 0.612E+00 0.649E+00 0.681E+00 0.704E+00 0.727E+00 0.744E+00 0.757E+00 0.767E+00 0.774E+00 0.781E+00 0.788E+00 0.788E+00 0.791E+00 0.791E+00 0.788E+00 0.781E+00 0.778E+00 0.767E+00 0.754E+00 0.737E+00 0.714E+00 0.684E+00 0.640E+00 0.579E+00 0.482E+00 0.326E+00 0.000E+00 0.358E+00 0.544E+00 0.659E+00
  38.0 0.596E-03 0.176E-02 0.626E-02 0.536E-01 0.172E+00 0.285E+00 0.385E+00 0.463E+00 0.529E+00 0.585E+00 0.627E+00 0.665E+00 0.694E+00 0.720E+00 0.740E+00 0.757E+00 0.771E+00 0.781E+00 0.791E+00 0.798E+00 0.802E+00 0.805E+00 0.809E+00 0.809E+00 0.805E+00 0.805E+00 0.798E+00 0.791E+00 0.785E+00 0.771E+00 0.757E+00 0.733E+00 0.707E+00 0.665E+00 0.606E+00 0.515E+00 0.358E+00 0.000E+00 0.389E+00 0.573E+00
  39.0 0.596E-03 0.193E-02 0.657E-02 0.630E-01 0.187E+00 0.302E+00 0.399E+00 0.479E+00 0.544E+00 0.597E+00 0.643E+00 0.678E+00 0.707E+00 0.733E+00 0.754E+00 0.767E+00 0.781E+00 0.795E+00 0.802E+00 0.809E+00 0.816E+00 0.820E+00 0.823E+00 0.823E+00 0.823E+00 0.823E+00 0.820E+00 0.816E+00 0.809E+00 0.798E+00 0.788E+00 0.774E+00 0.754E+00 0.727E+00 0.687E+00 0.633E+00 0.544E+00 0.389E+00 0.000E+00 0.422E+00
  40.0 0.596E-03 0.193E-02 0.722E-02 0.732E-01 0.201E+00 0.318E+00 0.414E+00 0.496E+00 0.558E+00 0.612E+00 0.655E+00 0.691E+00 0.720E+00 0.744E+00 0.764E+00 0.781E+00 0.795E+00 0.805E+00 0.816E+00 0.823E+00 0.827E+00 0.834E+00 0.837E+00 0.837E+00 0.837E+00 0.837E+00 0.837E+00 0.834E+00 0.830E+00 0.823E+00 0.816E+00 0.805E+00 0.791E+00 0.771E+00 0.747E+00 0.710E+00 0.659E+00 0.573E+00 0.422E+00 0.000E+00
