           40.0      50.0      60.0      70.0      80.0      90.0     100.0     110.0     120.0     130.0     140.0     150.0     160.0     170.0     180.0     190.0     200.0     210.0     220.0     230.0     240.0     250.0
   1.0 0.596E-03 0.695E-03 0.695E-03 0.596E-03 0.504E-03 0.421E-03 0.344E-03 0.344E-03 0.276E-03 0.276E-03 0.276E-03 0.276E-03 0.215E-03 0.215E-03 0.215E-03 0.215E-03 0.215E-03 0.215E-03 0.215E-03 0.215E-03 0.215E-03 0.215E-03
   2.0 0.193E-02 0.248E-02 0.268E-02 0.288E-02 0.288E-02 0.310E-02 0.332E-02 0.355E-02 0.428E-02 0.565E-02 0.825E-02 0.131E-01 0.201E-01 0.285E-01 0.378E-01 0.483E-01 0.601E-01 0.721E-01 0.830E-01 0.946E-01 0.107E+00 0.122E+00
   3.0 0.722E-02 0.260E-01 0.742E-01 0.115E+00 0.147E+00 0.171E+00 0.191E+00 0.208E+00 0.224E+00 0.237E+00 0.251E+00 0.263E+00 0.275E+00 0.287E+00 0.298E+00 0.311E+00 0.324E+00 0.338E+00 0.351E+00 0.363E+00 0.377E+00 0.394E+00
   4.0 0.732E-01 0.180E+00 0.263E+00 0.315E+00 0.349E+00 0.375E+00 0.397E+00 0.412E+00 0.427E+00 0.440E+00 0.453E+00 0.463E+00 0.474E+00 0.485E+00 0.496E+00 0.507E+00 0.518E+00 0.529E+00 0.541E+00 0.552E+00 0.564E+00 0.579E+00
   5.0 0.201E+00 0.331E+00 0.417E+00 0.469E+00 0.501E+00 0.526E+00 0.544E+00 0.558E+00 0.570E+00 0.582E+00 0.591E+00 0.603E+00 0.609E+00 0.618E+00 0.627E+00 0.637E+00 0.646E+00 0.655E+00 0.665E+00 0.675E+00 0.684E+00 0.694E+00
   6.0 0.318E+00 0.450E+00 0.535E+00 0.582E+00 0.612E+00 0.630E+00 0.646E+00 0.659E+00 0.671E+00 0.678E+00 0.687E+00 0.697E+00 0.704E+00 0.710E+00 0.717E+00 0.723E+00 0.733E+00 0.740E+00 0.747E+00 0.754E+00 0.764E+00 0.774E+00
   7.0 0.414E+00 0.544E+00 0.621E+00 0.665E+00 0.691E+00 0.707E+00 0.720E+00 0.730E+00 0.740E+00 0.747E+00 0.754E+00 0.761E+00 0.767E+00 0.774E+00 0.778E+00 0.785E+00 0.791E+00 0.798E+00 0.805E+00 0.809E+00 0.816E+00 0.823E+00
   8.0 0.496E+00 0.618E+00 0.687E+00 0.727E+00 0.747E+00 0.764E+00 0.774E+00 0.785E+00 0.791E+00 0.798E+00 0.802E+00 0.809E+00 0.816E+00 0.820E+00 0.823E+00 0.830E+00 0.834E+00 0.841E+00 0.844E+00 0.848E+00 0.855E+00 0.863E+00
   9.0 0.558E+00 0.675E+00 0.740E+00 0.771E+00 0.791E+00 0.805E+00 0.816E+00 0.823E+00 0.830E+00 0.834E+00 0.841E+00 0.844E+00 0.848E+00 0.852E+00 0.855E+00 0.859E+00 0.866E+00 0.870E+00 0.873E+00 0.877E+00 0.881E+00 0.888E+00
  10.0 0.612E+00 0.720E+00 0.778E+00 0.809E+00 0.827E+00 0.837E+00 0.844E+00 0.852E+00 0.859E+00 0.863E+00 0.866E+00 0.870E+00 0.873E+00 0.877E+00 0.881E+00 0.884E+00 0.888E+00 0.892E+00 0.895E+00 0.899E+00 0.903E+00 0.907E+00
  11.0 0.655E+00 0.757E+00 0.809E+00 0.837E+00 0.852E+00 0.863E+00 0.870E+00 0.873E+00 0.881E+00 0.884E+00 0.888E+00 0.892E+00 0.895E+00 0.895E+00 0.899E+00 0.903E+00 0.907E+00 0.910E+00 0.910E+00 0.914E+00 0.918E+00 0.922E+00
  12.0 0.691E+00 0.788E+00 0.834E+00 0.859E+00 0.873E+00 0.881E+00 0.888E+00 0.892E+00 0.895E+00 0.899E+00 0.903E+00 0.907E+00 0.910E+00 0.910E+00 0.914E+00 0.918E+00 0.918E+00 0.922E+00 0.925E+00 0.929E+00 0.929E+00 0.933E+00
  13.0 0.720E+00 0.809E+00 0.855E+00 0.877E+00 0.888E+00 0.895E+00 0.903E+00 0.907E+00 0.910E+00 0.914E+00 0.918E+00 0.918E+00 0.922E+00 0.925E+00 0.925E+00 0.929E+00 0.929E+00 0.933E+00 0.937E+00 0.937E+00 0.940E+00 0.944E+00
  14.0 0.744E+00 0.830E+00 0.870E+00 0.892E+00 0.903E+00 0.910E+00 0.914E+00 0.918E+00 0.922E+00 0.925E+00 0.925E+00 0.929E+00 0.933E+00 0.933E+00 0.937E+00 0.937E+00 0.940E+00 0.940E+00 0.944E+00 0.944E+00 0.948E+00 0.952E+00
  15.0 0.764E+00 0.844E+00 0.884E+00 0.903E+00 0.914E+00 0.922E+00 0.925E+00 0.929E+00 0.933E+00 0.933E+00 0.937E+00 0.937E+00 0.940E+00 0.940E+00 0.944E+00 0.944E+00 0.948E+00 0.948E+00 0.952E+00 0.952E+00 0.956E+00 0.956E+00
  16.0 0.781E+00 0.859E+00 0.895E+00 0.914E+00 0.922E+00 0.929E+00 0.933E+00 0.937E+00 0.940E+00 0.940E+00 0.944E+00 0.944E+00 0.948E+00 0.948E+00 0.948E+00 0.952E+00 0.952E+00 0.956E+00 0.956E+00 0.956E+00 0.959E+00 0.959E+00
  17.0 0.795E+00 0.870E+00 0.907E+00 0.922E+00 0.929E+00 0.937E+00 0.940E+00 0.944E+00 0.944E+00 0.948E+00 0.948E+00 0.952E+00 0.952E+00 0.952E+00 0.956E+00 0.956E+00 0.959E+00 0.959E+00 0.959E+00 0.963E+00 0.963E+00 0.963E+00
  18.0 0.805E+00 0.881E+00 0.914E+00 0.929E+00 0.937E+00 0.940E+00 0.944E+00 0.948E+00 0.952E+00 0.952E+00 0.956E+00 0.956E+00 0.956E+00 0.959E+00 0.959E+00 0.959E+00 0.963E+00 0.963E+00 0.963E+00 0.967E+00 0.967E+00 0.967E+00
  19.0 0.816E+00 0.888E+00 0.922E+00 0.933E+00 0.940E+00 0.948E+00 0.952E+00 0.952E+00 0.956E+00 0.956E+00 0.959E+00 0.959E+00 0.959E+00 0.963E+00 0.963E+00 0.963E+00 0.967E+00 0.967E+00 0.967E+00 0.967E+00 0.971E+00 0.971E+00
  20.0 0.823E+00 0.895E+00 0.925E+00 0.940E+00 0.948E+00 0.952E+00 0.956E+00 0.956E+00 0.959E+00 0.959E+00 0.963E+00 0.963E+00 0.963E+00 0.967E+00 0.967E+00 0.967E+00 0.967E+00 0.971E+00 0.971E+00 0.971E+00 0.975E+00 0.975E+00
  21.0 0.827E+00 0.903E+00 0.929E+00 0.944E+00 0.952E+00 0.956E+00 0.959E+00 0.959E+00 0.963E+00 0.963E+00 0.967E+00 0.967E+00 0.967E+00 0.967E+00 0.971E+00 0.971E+00 0.971E+00 0.971E+00 0.975E+00 0.975E+00 0.975E+00 0.975E+00
  22.0 0.834E+00 0.907E+00 0.937E+00 0.948E+00 0.956E+00 0.959E+00 0.963E+00 0.963E+00 0.967E+00 0.967E+00 0.967E+00 0.971E+00 0.971E+00 0.971E+00 0.971E+00 0.971E+00 0.975E+00 0.975E+00 0.975E+00 0.975E+00 0.979E+00 0.979E+00
  23.0 0.837E+00 0.910E+00 0.940E+00 0.952E+00 0.959E+00 0.963E+00 0.963E+00 0.967E+00 0.967E+00 0.971E+00 0.971E+00 0.971E+00 0.971E+00 0.975E+00 0.975E+00 0.975E+00 0.975E+00 0.975E+00 0.979E+00 0.979E+00 0.979E+00 0.979E+00
  24.0 0.837E+00 0.914E+00 0.944E+00 0.956E+00 0.959E+00 0.963E+00 0.967E+00 0.967E+00 0.971E+00 0.971E+00 0.971E+00 0.975E+00 0.975E+00 0.975E+00 0.975E+00 0.979E+00 0.979E+00 0.979E+00 0.979E+00 0.979E+00 0.982E+00 0.982E+00
  25.0 0.837E+00 0.918E+00 0.944E+00 0.956E+00 0.963E+00 0.967E+00 0.971E+00 0.971E+00 0.971E+00 0.975E+00 0.975E+00 0.975E+00 0.975E+00 0.979E+00 0.979E+00 0.979E+00 0.979E+00 0.979E+00 0.982E+00 0.982E+00 0.982E+00 0.982E+00
  26.0 0.837E+00 0.922E+00 0.948E+00 0.959E+00 0.963E+00 0.967E+00 0.971E+00 0.971E+00 0.975E+00 0.975E+00 0.975E+00 0.979E+00 0.979E+00 0.979E+00 0.979E+00 0.979E+00 0.982E+00 0.982E+00 0.982E+00 0.982E+00 0.982E+00 0.982E+00
  27.0 0.837E+00 0.922E+00 0.952E+00 0.959E+00 0.967E+00 0.971E+00 0.971E+00 0.975E+00 0.975E+00 0.979E+00 0.979E+00 0.979E+00 0.979E+00 0.979E+00 0.982E+00 0.982E+00 0.982E+00 0.982E+00 0.982E+00 0.982E+00 0.982E+00 0.986E+00
  28.0 0.834E+00 0.925E+00 0.952E+00 0.963E+00 0.967E+00 0.971E+00 0.975E+00 0.975E+00 0.979E+00 0.979E+00 0.979E+00 0.979E+00 0.982E+00 0.982E+00 0.982E+00 0.982E+00 0.982E+00 0.982E+00 0.982E+00 0.986E+00 0.986E+00 0.986E+00
  29.0 0.830E+00 0.925E+00 0.952E+00 0.963E+00 0.971E+00 0.975E+00 0.975E+00 0.979E+00 0.979E+00 0.979E+00 0.979E+00 0.982E+00 0.982E+00 0.982E+00 0.982E+00 0.982E+00 0.982E+00 0.986E+00 0.986E+00 0.986E+00 0.986E+00 0.986E+00
  30.0 0.823E+00 0.925E+00 0.956E+00 0.967E+00 0.971E+00 0.975E+00 0.979E+00 0.979E+00 0.979E+00 0.982E+00 0.982E+00 0.982E+00 0.982E+00 0.982E+00 0.982E+00 0.982E+00 0.986E+00 0.986E+00 0.986E+00 0.986E+00 0.986E+00 0.986E+00
  31.0 0.816E+00 0.929E+00 0.956E+00 0.967E+00 0.971E+00 0.975E+00 0.979E+00 0.979E+00 0.982E+00 0.982E+00 0.982E+00 0.982E+00 0.982E+00 0.982E+00 0.986E+00 0.986E+00 0.986E+00 0.986E+00 0.986E+00 0.986E+00 0.986E+00 0.990E+00
  32.0 0.805E+00 0.929E+00 0.956E+00 0.967E+00 0.975E+00 0.979E+00 0.979E+00 0.979E+00 0.982E+00 0.982E+00 0.982E+00 0.982E+00 0.986E+00 0.986E+00 0.986E+00 0.986E+00 0.986E+00 0.986E+00 0.986E+00 0.986E+00 0.990E+00 0.990E+00
  33.0 0.791E+00 0.929E+00 0.959E+00 0.971E+00 0.975E+00 0.979E+00 0.979E+00 0.982E+00 0.982E+00 0.982E+00 0.982E+00 0.986E+00 0.986E+00 0.986E+00 0.986E+00 0.986E+00 0.986E+00 0.986E+00 0.986E+00 0.990E+00 0.990E+00 0.990E+00
  34.0 0.771E+00 0.929E+00 0.959E+00 0.971E+00 0.975E+00 0.979E+00 0.982E+00 0.982E+00 0.982E+00 0.982E+00 0.986E+00 0.986E+00 0.986E+00 0.986E+00 0.986E+00 0.986E+00 0.986E+00 0.990E+00 0.990E+00 0.990E+00 0.990E+00 0.990E+00
  35.0 0.747E+00 0.925E+00 0.959E+00 0.971E+00 0.975E+00 0.979E+00 0.982E+00 0.982E+00 0.982E+00 0.986E+00 0.986E+00 0.986E+00 0.986E+00 0.986E+00 0.986E+00 0.986E+00 0.990E+00 0.990E+00 0.990E+00 0.990E+00 0.990E+00 0.990E+00
  36.0 0.710E+00 0.925E+00 0.959E+00 0.971E+00 0.979E+00 0.979E+00 0.982E+00 0.982E+00 0.986E+00 0.986E+00 0.986E+00 0.986E+00 0.986E+00 0.986E+00 0.986E+00 0.990E+00 0.990E+00 0.990E+00 0.990E+00 0.990E+00 0.990E+00 0.990E+00
  37.0 0.659E+00 0.925E+00 0.959E+00 0.971E+00 0.979E+00 0.982E+00 0.982E+00 0.982E+00 0.986E+00 0.986E+00 0.986E+00 0.986E+00 0.986E+00 0.990E+00 0.990E+00 0.990E+00 0.990E+00 0.990E+00 0.990E+00 0.990E+00 0.990E+00 0.990E+00
  38.0 0.573E+00 0.922E+00 0.959E+00 0.975E+00 0.979E+00 0.982E+00 0.982E+00 0.986E+00 0.986E+00 0.986E+00 0.986E+00 0.986E+00 0.990E+00 0.990E+00 0.990E+00 0.990E+00 0.990E+00 0.990E+00 0.990E+00 0.990E+00 0.990E+00 0.990E+00
  39.0 0.422E+00 0.918E+00 0.959E+00 0.975E+00 0.979E+00 0.982E+00 0.982E+00 0.986E+00 0.986E+00 0.986E+00 0.986E+00 0.990E+00 0.990E+00 0.990E+00 0.990E+00 0.990E+00 0.990E+00 0.990E+00 0.990E+00 0.990E+00 0.990E+00 0.994E+00
  40.0 0.000E+00 0.914E+00 0.959E+00 0.975E+00 0.979E+00 0.982E+00 0.982E+00 0.986E+00 0.986E+00 0.986E+00 0.986E+00 0.990E+00 0.990E+00 0.990E+00 0.990E+00 0.990E+00 0.990E+00 0.990E+00 0.990E+00 0.990E+00 0.994E+00 0.994E+00
