  40.0 0.000E+00 0.913E+00 0.960E+00 0.974E+00 0.980E+00 0.982E+00 0.983E+00 0.985E+00 0.987E+00 0.987E+00 0.987E+00 0.989E+00 0.989E+00 0.989E+00 0.989E+00 0.991E+00 0.991E+00 0.991E+00 0.991E+00 0.991E+00 0.991E+00 0.993E+00
  50.0 0.913E+00 0.000E+00 0.945E+00 0.972E+00 0.982E+00 0.985E+00 0.987E+00 0.989E+00 0.989E+00 0.991E+00 0.991E+00 0.991E+00 0.991E+00 0.993E+00 0.993E+00 0.993E+00 0.993E+00 0.993E+00 0.993E+00 0.995E+00 0.995E+00 0.995E+00
  60.0 0.960E+00 0.945E+00 0.600E+00 0.955E+00 0.978E+00 0.983E+00 0.987E+00 0.989E+00 0.991E+00 0.991E+00 0.993E+00 0.993E+00 0.993E+00 0.993E+00 0.995E+00 0.995E+00 0.995E+00 0.995E+00 0.995E+00 0.995E+00 0.995E+00 0.995E+00
  70.0 0.974E+00 0.972E+00 0.955E+00 0.800E+00 0.960E+00 0.980E+00 0.985E+00 0.989E+00 0.991E+00 0.991E+00 0.993E+00 0.993E+00 0.995E+00 0.995E+00 0.995E+00 0.995E+00 0.995E+00 0.995E+00 0.997E+00 0.997E+00 0.997E+00 0.997E+00
  80.0 0.980E+00 0.982E+00 0.978E+00 0.960E+00 0.950E+00 0.962E+00 0.982E+00 0.987E+00 0.989E+00 0.991E+00 0.993E+00 0.993E+00 0.995E+00 0.995E+00 0.995E+00 0.995E+00 0.995E+00 0.997E+00 0.997E+00 0.997E+00 0.997E+00 0.997E+00
  90.0 0.982E+00 0.985E+00 0.983E+00 0.980E+00 0.962E+00 1.064E+00 0.966E+00 0.982E+00 0.987E+00 0.991E+00 0.993E+00 0.993E+00 0.995E+00 0.995E+00 0.995E+00 0.995E+00 0.997E+00 0.997E+00 0.997E+00 0.997E+00 0.997E+00 0.997E+00
 100.0 0.983E+00 0.987E+00 0.987E+00 0.985E+00 0.982E+00 0.966E+00 1.228E+00 0.970E+00 0.983E+00 0.989E+00 0.991E+00 0.993E+00 0.993E+00 0.995E+00 0.995E+00 0.995E+00 0.997E+00 0.997E+00 0.997E+00 0.997E+00 0.997E+00 0.997E+00
 110.0 0.985E+00 0.989E+00 0.989E+00 0.989E+00 0.987E+00 0.982E+00 0.970E+00 1.420E+00 0.974E+00 0.983E+00 0.989E+00 0.991E+00 0.993E+00 0.995E+00 0.995E+00 0.995E+00 0.997E+00 0.997E+00 0.997E+00 0.997E+00 0.997E+00 0.997E+00
 120.0 0.987E+00 0.989E+00 0.991E+00 0.991E+00 0.989E+00 0.987E+00 0.983E+00 0.974E+00 1.648E+00 0.978E+00 0.985E+00 0.989E+00 0.991E+00 0.993E+00 0.995E+00 0.995E+00 0.995E+00 0.997E+00 0.997E+00 0.997E+00 0.997E+00 0.997E+00
 130.0 0.987E+00 0.991E+00 0.991E+00 0.991E+00 0.991E+00 0.991E+00 0.989E+00 0.983E+00 0.978E+00 1.906E+00 0.982E+00 0.987E+00 0.991E+00 0.993E+00 0.993E+00 0.995E+00 0.995E+00 0.997E+00 0.997E+00 0.997E+00 0.997E+00 0.997E+00
 140.0 0.987E+00 0.991E+00 0.993E+00 0.993E+00 0.993E+00 0.993E+00 0.991E+00 0.989E+00 0.985E+00 0.982E+00 2.204E+00 0.987E+00 0.989E+00 0.991E+00 0.993E+00 0.995E+00 0.995E+00 0.995E+00 0.997E+00 0.997E+00 0.997E+00 0.997E+00
 150.0 0.989E+00 0.991E+00 0.993E+00 0.993E+00 0.993E+00 0.993E+00 0.993E+00 0.991E+00 0.989E+00 0.987E+00 0.987E+00 2.533E+00 0.993E+00 0.991E+00 0.993E+00 0.993E+00 0.995E+00 0.995E+00 0.997E+00 0.997E+00 0.997E+00 0.997E+00
 160.0 0.989E+00 0.991E+00 0.993E+00 0.995E+00 0.995E+00 0.995E+00 0.993E+00 0.993E+00 0.991E+00 0.991E+00 0.989E+00 0.993E+00 2.890E+00 0.999E+00 0.991E+00 0.993E+00 0.995E+00 0.995E+00 0.997E+00 0.997E+00 0.997E+00 0.997E+00
 170.0 0.989E+00 0.993E+00 0.993E+00 0.995E+00 0.995E+00 0.995E+00 0.995E+00 0.995E+00 0.993E+00 0.993E+00 0.991E+00 0.991E+00 0.999E+00 3.265E+00 0.101E+01 0.995E+00 0.995E+00 0.995E+00 0.995E+00 0.997E+00 0.997E+00 0.997E+00
 180.0 0.989E+00 0.993E+00 0.995E+00 0.995E+00 0.995E+00 0.995E+00 0.995E+00 0.995E+00 0.995E+00 0.993E+00 0.993E+00 0.993E+00 0.991E+00 0.101E+01 3.674E+00 0.101E+01 0.997E+00 0.995E+00 0.995E+00 0.997E+00 0.997E+00 0.997E+00
 190.0 0.991E+00 0.993E+00 0.995E+00 0.995E+00 0.995E+00 0.995E+00 0.995E+00 0.995E+00 0.995E+00 0.995E+00 0.995E+00 0.993E+00 0.993E+00 0.995E+00 0.101E+01 4.131E+00 0.102E+01 0.999E+00 0.997E+00 0.997E+00 0.997E+00 0.997E+00
 200.0 0.991E+00 0.993E+00 0.995E+00 0.995E+00 0.995E+00 0.997E+00 0.997E+00 0.997E+00 0.995E+00 0.995E+00 0.995E+00 0.995E+00 0.995E+00 0.995E+00 0.997E+00 0.102E+01 4.665E+00 0.104E+01 0.100E+01 0.999E+00 0.997E+00 0.997E+00
 210.0 0.991E+00 0.993E+00 0.995E+00 0.995E+00 0.997E+00 0.997E+00 0.997E+00 0.997E+00 0.997E+00 0.997E+00 0.995E+00 0.995E+00 0.995E+00 0.995E+00 0.995E+00 0.999E+00 0.104E+01 5.245E+00 0.105E+01 0.101E+01 0.100E+01 0.999E+00
 220.0 0.991E+00 0.993E+00 0.995E+00 0.997E+00 0.997E+00 0.997E+00 0.997E+00 0.997E+00 0.997E+00 0.997E+00 0.997E+00 0.997E+00 0.997E+00 0.995E+00 0.995E+00 0.997E+00 0.100E+01 0.105E+01 5.852E+00 0.106E+01 0.101E+01 0.100E+01
 230.0 0.991E+00 0.995E+00 0.995E+00 0.997E+00 0.997E+00 0.997E+00 0.997E+00 0.997E+00 0.997E+00 0.997E+00 0.997E+00 0.997E+00 0.997E+00 0.997E+00 0.997E+00 0.997E+00 0.999E+00 0.101E+01 0.106E+01 6.485E+00 0.107E+01 0.101E+01
 240.0 0.991E+00 0.995E+00 0.995E+00 0.997E+00 0.997E+00 0.997E+00 0.997E+00 0.997E+00 0.997E+00 0.997E+00 0.997E+00 0.997E+00 0.997E+00 0.997E+00 0.997E+00 0.997E+00 0.997E+00 0.100E+01 0.101E+01 0.107E+01 7.182E+00 0.109E+01
 250.0 0.993E+00 0.995E+00 0.995E+00 0.997E+00 0.997E+00 0.997E+00 0.997E+00 0.997E+00 0.997E+00 0.997E+00 0.997E+00 0.997E+00 0.997E+00 0.997E+00 0.997E+00 0.997E+00 0.997E+00 0.999E+00 0.100E+01 0.101E+01 0.109E+01 8.038E+00
