  40.0 0.000E+00 0.898E+00 0.949E+00 0.964E+00 0.972E+00 0.976E+00 0.978E+00 0.980E+00 0.982E+00 0.983E+00 0.983E+00 0.985E+00 0.985E+00 0.985E+00 0.987E+00 0.987E+00 0.987E+00 0.987E+00 0.989E+00 0.989E+00 0.989E+00 0.991E+00
  50.0 0.898E+00 0.000E+00 0.926E+00 0.962E+00 0.974E+00 0.978E+00 0.982E+00 0.983E+00 0.985E+00 0.987E+00 0.987E+00 0.989E+00 0.989E+00 0.989E+00 0.991E+00 0.991E+00 0.991E+00 0.991E+00 0.991E+00 0.993E+00 0.993E+00 0.993E+00
  60.0 0.949E+00 0.926E+00 0.600E+00 0.936E+00 0.966E+00 0.978E+00 0.982E+00 0.985E+00 0.987E+00 0.987E+00 0.989E+00 0.991E+00 0.991E+00 0.991E+00 0.991E+00 0.993E+00 0.993E+00 0.993E+00 0.993E+00 0.995E+00 0.995E+00 0.995E+00
  70.0 0.964E+00 0.962E+00 0.936E+00 0.826E+00 0.941E+00 0.970E+00 0.980E+00 0.983E+00 0.987E+00 0.989E+00 0.989E+00 0.991E+00 0.991E+00 0.993E+00 0.993E+00 0.993E+00 0.993E+00 0.995E+00 0.995E+00 0.995E+00 0.995E+00 0.995E+00
  80.0 0.972E+00 0.974E+00 0.966E+00 0.941E+00 0.990E+00 0.947E+00 0.972E+00 0.980E+00 0.985E+00 0.987E+00 0.989E+00 0.991E+00 0.991E+00 0.993E+00 0.993E+00 0.993E+00 0.995E+00 0.995E+00 0.995E+00 0.995E+00 0.995E+00 0.997E+00
  90.0 0.976E+00 0.978E+00 0.978E+00 0.970E+00 0.947E+00 1.195E+00 0.953E+00 0.974E+00 0.982E+00 0.985E+00 0.989E+00 0.991E+00 0.991E+00 0.993E+00 0.993E+00 0.995E+00 0.995E+00 0.995E+00 0.995E+00 0.995E+00 0.997E+00 0.997E+00
 100.0 0.978E+00 0.982E+00 0.982E+00 0.980E+00 0.972E+00 0.953E+00 1.444E+00 0.958E+00 0.976E+00 0.983E+00 0.987E+00 0.989E+00 0.991E+00 0.993E+00 0.993E+00 0.995E+00 0.995E+00 0.995E+00 0.995E+00 0.997E+00 0.997E+00 0.997E+00
 110.0 0.980E+00 0.983E+00 0.985E+00 0.983E+00 0.980E+00 0.974E+00 0.958E+00 1.747E+00 0.964E+00 0.978E+00 0.983E+00 0.987E+00 0.989E+00 0.991E+00 0.993E+00 0.993E+00 0.995E+00 0.995E+00 0.995E+00 0.997E+00 0.997E+00 0.997E+00
 120.0 0.982E+00 0.985E+00 0.987E+00 0.987E+00 0.985E+00 0.982E+00 0.976E+00 0.964E+00 2.096E+00 0.972E+00 0.980E+00 0.985E+00 0.989E+00 0.991E+00 0.993E+00 0.993E+00 0.995E+00 0.995E+00 0.995E+00 0.997E+00 0.997E+00 0.997E+00
 130.0 0.983E+00 0.987E+00 0.987E+00 0.989E+00 0.987E+00 0.985E+00 0.983E+00 0.978E+00 0.972E+00 2.505E+00 0.980E+00 0.983E+00 0.987E+00 0.989E+00 0.991E+00 0.993E+00 0.995E+00 0.995E+00 0.995E+00 0.997E+00 0.997E+00 0.997E+00
 140.0 0.983E+00 0.987E+00 0.989E+00 0.989E+00 0.989E+00 0.989E+00 0.987E+00 0.983E+00 0.980E+00 0.980E+00 2.970E+00 0.991E+00 0.985E+00 0.989E+00 0.991E+00 0.993E+00 0.993E+00 0.995E+00 0.995E+00 0.997E+00 0.997E+00 0.997E+00
 150.0 0.985E+00 0.989E+00 0.991E+00 0.991E+00 0.991E+00 0.991E+00 0.989E+00 0.987E+00 0.985E+00 0.983E+00 0.991E+00 3.463E+00 0.100E+01 0.989E+00 0.989E+00 0.991E+00 0.993E+00 0.995E+00 0.995E+00 0.995E+00 0.997E+00 0.997E+00
 160.0 0.985E+00 0.989E+00 0.991E+00 0.991E+00 0.991E+00 0.991E+00 0.991E+00 0.989E+00 0.989E+00 0.987E+00 0.985E+00 0.100E+01 4.000E+00 0.101E+01 0.993E+00 0.991E+00 0.993E+00 0.995E+00 0.995E+00 0.995E+00 0.997E+00 0.997E+00
 170.0 0.985E+00 0.989E+00 0.991E+00 0.993E+00 0.993E+00 0.993E+00 0.993E+00 0.991E+00 0.991E+00 0.989E+00 0.989E+00 0.989E+00 0.101E+01 4.602E+00 0.103E+01 0.997E+00 0.995E+00 0.995E+00 0.995E+00 0.995E+00 0.997E+00 0.997E+00
 180.0 0.987E+00 0.991E+00 0.991E+00 0.993E+00 0.993E+00 0.993E+00 0.993E+00 0.993E+00 0.993E+00 0.991E+00 0.991E+00 0.989E+00 0.993E+00 0.103E+01 5.319E+00 0.104E+01 0.100E+01 0.997E+00 0.995E+00 0.997E+00 0.997E+00 0.997E+00
 190.0 0.987E+00 0.991E+00 0.993E+00 0.993E+00 0.993E+00 0.995E+00 0.995E+00 0.993E+00 0.993E+00 0.993E+00 0.993E+00 0.991E+00 0.991E+00 0.997E+00 0.104E+01 6.132E+00 0.106E+01 0.101E+01 0.999E+00 0.997E+00 0.997E+00 0.997E+00
 200.0 0.987E+00 0.991E+00 0.993E+00 0.993E+00 0.995E+00 0.995E+00 0.995E+00 0.995E+00 0.995E+00 0.995E+00 0.993E+00 0.993E+00 0.993E+00 0.995E+00 0.100E+01 0.106E+01 7.025E+00 0.108E+01 0.101E+01 0.100E+01 0.999E+00 0.999E+00
 210.0 0.987E+00 0.991E+00 0.993E+00 0.995E+00 0.995E+00 0.995E+00 0.995E+00 0.995E+00 0.995E+00 0.995E+00 0.995E+00 0.995E+00 0.995E+00 0.995E+00 0.997E+00 0.101E+01 0.108E+01 7.955E+00 0.110E+01 0.102E+01 0.100E+01 0.100E+01
 220.0 0.989E+00 0.991E+00 0.993E+00 0.995E+00 0.995E+00 0.995E+00 0.995E+00 0.995E+00 0.995E+00 0.995E+00 0.995E+00 0.995E+00 0.995E+00 0.995E+00 0.995E+00 0.999E+00 0.101E+01 0.110E+01 8.995E+00 0.113E+01 0.103E+01 0.101E+01
 230.0 0.989E+00 0.993E+00 0.995E+00 0.995E+00 0.995E+00 0.995E+00 0.997E+00 0.997E+00 0.997E+00 0.997E+00 0.997E+00 0.995E+00 0.995E+00 0.995E+00 0.997E+00 0.997E+00 0.100E+01 0.102E+01 0.113E+01 8.995E+00 0.116E+01 0.103E+01
 240.0 0.989E+00 0.993E+00 0.995E+00 0.995E+00 0.995E+00 0.997E+00 0.997E+00 0.997E+00 0.997E+00 0.997E+00 0.997E+00 0.997E+00 0.997E+00 0.997E+00 0.997E+00 0.997E+00 0.999E+00 0.100E+01 0.103E+01 0.116E+01 8.995E+00 0.119E+01
 250.0 0.991E+00 0.993E+00 0.995E+00 0.995E+00 0.997E+00 0.997E+00 0.997E+00 0.997E+00 0.997E+00 0.997E+00 0.997E+00 0.997E+00 0.997E+00 0.997E+00 0.997E+00 0.997E+00 0.999E+00 0.100E+01 0.101E+01 0.103E+01 0.119E+01 8.995E+00
