  6.7812  7.6456  5.6846  5.3473  5.4365  5.6718  5.8494  6.1429  6.4935  7.1033  7.4313  7.9840  8.3533  8.9254  9.1628 10.1059 10.6496 11.3355 11.4903 12.5459 12.8250
  7.6456  6.7812  5.9167  3.8786  3.3161  3.0502  2.9367  2.9288  2.9085  2.9559  3.0504  3.1402  3.1904  3.3177  3.4179  3.5660  3.6215  3.8756  4.0755  4.1244  4.4058
  5.6846  5.9167  5.7426  5.5686  3.5234  2.8380  2.5489  2.3909  2.3070  2.2846  2.2830  2.2717  2.3468  2.3721  2.4605  2.5488  2.6778  2.8664  3.0178  3.2050  3.4781
  5.3473  3.8786  5.5686  5.5015  5.4344  3.3854  2.6752  2.3844  2.1940  2.1358  2.1378  2.1582  2.2480  2.3649  2.5018  2.7067  2.9137  3.2610  3.5403  3.9304  4.3233
  5.4365  3.3161  3.5234  5.4344  5.4101  5.3859  3.3321  2.6029  2.3137  2.1763  2.1791  2.2328  2.3468  2.5661  2.7729  3.0523  3.3838  3.7226  4.0990  4.4570  4.8462
  5.6718  3.0502  2.8380  3.3854  5.3859  5.3811  5.3763  3.3132  2.5958  2.3570  2.2636  2.3374  2.4944  2.7342  3.0112  3.3113  3.6122  3.9022  4.1439  4.2964  4.3999
  5.8494  2.9367  2.5489  2.6752  3.3321  5.3763  5.4038  5.4313  3.3373  2.6993  2.4487  2.4691  2.6248  2.8658  3.1716  3.4645  3.7001  3.8252  3.8292  3.6524  3.4350
  6.1429  2.9288  2.3909  2.3844  2.6029  3.3132  5.4313  5.4275  5.4236  3.5511  2.8216  2.6260  2.7287  2.9685  3.2797  3.5199  3.6773  3.6198  3.3865  3.0923  2.8258
  6.4935  2.9085  2.3070  2.1940  2.3137  2.5958  3.3373  5.4236  5.8560  6.2885  3.7585  2.9943  2.8516  3.0514  3.3410  3.5571  3.6043  3.4076  3.0991  2.7881  2.5294
  7.1033  2.9559  2.2846  2.1358  2.1763  2.3570  2.6993  3.5511  6.2885  6.1778  6.0671  3.7361  3.1004  3.0825  3.3180  3.5577  3.5839  3.3176  2.9288  2.6092  2.3803
  7.4313  3.0504  2.2830  2.1378  2.1791  2.2636  2.4487  2.8216  3.7585  6.0671  6.1295  6.1918  3.8599  3.2516  3.3228  3.5663  3.6253  3.3215  2.9015  2.5463  2.3162
  7.9840  3.1402  2.2717  2.1582  2.2328  2.3374  2.4691  2.6260  2.9943  3.7361  6.1918  6.2711  6.3503  3.9814  3.4785  3.5581  3.6741  3.4246  2.9628  2.5711  2.3017
  8.3533  3.1904  2.3468  2.2480  2.3468  2.4944  2.6248  2.7287  2.8516  3.1004  3.8599  6.3503  6.4316  6.5130  4.1558  3.6773  3.7678  3.6549  3.1412  2.6605  2.3432
  8.9254  3.3177  2.3721  2.3649  2.5661  2.7342  2.8658  2.9685  3.0514  3.0825  3.2516  3.9814  6.5130  6.5585  6.6040  4.3229  3.8829  3.8591  3.4341  2.8340  2.4310
  9.1628  3.4179  2.4605  2.5018  2.7729  3.0112  3.1716  3.2797  3.3410  3.3180  3.3228  3.4785  4.1558  6.6040  6.7106  6.8171  4.5296  4.0968  3.8471  3.1763  2.6022
 10.1059  3.5660  2.5488  2.7067  3.0523  3.3113  3.4645  3.5199  3.5571  3.5577  3.5663  3.5581  3.6773  4.3229  6.8171  6.9820  7.1470  4.7523  4.3064  3.7051  2.9155
 10.6496  3.6215  2.6778  2.9137  3.3838  3.6122  3.7001  3.6773  3.6043  3.5839  3.6253  3.6741  3.7678  3.8829  4.5296  7.1470  7.2881  7.4292  5.0429  4.4082  3.4915
 11.3355  3.8756  2.8664  3.2610  3.7226  3.9022  3.8252  3.6198  3.4076  3.3176  3.3215  3.4246  3.6549  3.8591  4.0968  4.7523  7.4292  7.6470  7.8648  5.3367  4.4210
 11.4903  4.0755  3.0178  3.5403  4.0990  4.1439  3.8292  3.3865  3.0991  2.9288  2.9015  2.9628  3.1412  3.4341  3.8471  4.3064  5.0429  7.8648  8.1706  8.4764  5.5900
 12.5459  4.1244  3.2050  3.9304  4.4570  4.2964  3.6524  3.0923  2.7881  2.6092  2.5463  2.5711  2.6605  2.8340  3.1763  3.7051  4.4082  5.3367  8.4764  8.7867  9.0970
 12.8250  4.4058  3.4781  4.3233  4.8462  4.3999  3.4350  2.8258  2.5294  2.3803  2.3162  2.3017  2.3432  2.4310  2.6022  2.9155  3.4915  4.4210  5.5900  9.0970  8.7867
