  6.7730  7.6185  5.6677  5.3544  5.4471  5.6880  5.8601  6.1298  6.4991  7.1252  7.4586  7.9855  8.4040  9.0066  9.2054 10.1430 10.7045 11.4125 11.4983 12.5584 12.9342
  7.6185  6.7730  5.9275  3.8676  3.3081  3.0503  2.9376  2.9199  2.8969  2.9680  3.0457  3.1375  3.2052  3.3333  3.4140  3.5640  3.6468  3.8716  4.0569  4.1303  4.4194
  5.6677  5.9275  5.7415  5.5554  3.5195  2.8324  2.5462  2.3845  2.2917  2.2747  2.2643  2.2379  2.3038  2.3237  2.3946  2.4456  2.5521  2.6956  2.7981  2.9578  3.1784
  5.3544  3.8676  5.5554  5.4831  5.4107  3.3805  2.6755  2.3696  2.1680  2.1003  2.0868  2.0727  2.1308  2.2222  2.3159  2.4669  2.6308  2.9016  3.1086  3.4393  3.7413
  5.4471  3.3081  3.5195  5.4107  5.3864  5.3621  3.3306  2.5944  2.2878  2.1294  2.0979  2.1116  2.1903  2.3442  2.5004  2.7213  2.9940  3.2609  3.5823  3.8764  4.2060
  5.6880  3.0503  2.8324  3.3805  5.3621  5.3608  5.3595  3.3078  2.5785  2.3054  2.1762  2.2045  2.3003  2.4777  2.6969  2.9453  3.1994  3.4324  3.6515  3.7952  3.8828
  5.8601  2.9376  2.5462  2.6755  3.3306  5.3595  5.3851  5.4108  3.3277  2.6646  2.3662  2.3280  2.4157  2.5937  2.8294  3.0749  3.2877  3.4015  3.4153  3.2727  3.0932
  6.1298  2.9199  2.3845  2.3696  2.5944  3.3078  5.4108  5.4078  5.4048  3.5368  2.7644  2.4984  2.5208  2.6932  2.9460  3.1429  3.2858  3.2500  3.0533  2.8052  2.5812
  6.4991  2.8969  2.2917  2.1680  2.2878  2.5785  3.3277  5.4048  5.8435  6.2821  3.7407  2.9055  2.6727  2.7810  2.9993  3.1824  3.2340  3.0784  2.8189  2.5534  2.3306
  7.1252  2.9680  2.2747  2.1003  2.1294  2.3054  2.6646  3.5368  6.2821  6.1723  6.0624  3.6924  2.9740  2.8485  3.0067  3.1904  3.2247  3.0080  2.6768  2.4023  2.2064
  7.4586  3.0457  2.2643  2.0868  2.0979  2.1762  2.3662  2.7644  3.7407  6.0624  6.1252  6.1880  3.8045  3.0844  3.0508  3.2143  3.2692  3.0188  2.6619  2.3535  2.1557
  7.9855  3.1375  2.2379  2.0727  2.1116  2.2045  2.3280  2.4984  2.9055  3.6924  6.1880  6.2665  6.3450  3.9070  3.2586  3.2369  3.3198  3.1124  2.7193  2.3789  2.1449
  8.4040  3.2052  2.3038  2.1308  2.1903  2.3003  2.4157  2.5208  2.6727  2.9740  3.8045  6.3450  6.4240  6.5030  4.0619  3.4137  3.4190  3.3115  2.8764  2.4620  2.1856
  9.0066  3.3333  2.3237  2.2222  2.3442  2.4777  2.5937  2.6932  2.7810  2.8485  3.0844  3.9070  6.5030  6.5531  6.6031  4.2036  3.5853  3.5045  3.1331  2.6135  2.2656
  9.2054  3.4140  2.3946  2.3159  2.5004  2.6969  2.8294  2.9460  2.9993  3.0067  3.0508  3.2586  4.0619  6.6031  6.6978  6.7925  4.3645  3.7612  3.4999  2.9186  2.4176
 10.1430  3.5640  2.4456  2.4669  2.7213  2.9453  3.0749  3.1429  3.1824  3.1904  3.2143  3.2369  3.4137  4.2036  6.7925  6.9482  7.1040  4.4890  3.9441  3.3877  2.6970
 10.7045  3.6468  2.5521  2.6308  2.9940  3.1994  3.2877  3.2858  3.2340  3.2247  3.2692  3.3198  3.4190  3.5853  4.3645  7.1040  7.2375  7.3710  4.7496  4.0426  3.2096
 11.4125  3.8716  2.6956  2.9016  3.2609  3.4324  3.4015  3.2500  3.0784  3.0080  3.0188  3.1124  3.3115  3.5045  3.7612  4.4890  7.3710  7.5785  7.7860  5.0044  4.0529
 11.4983  4.0569  2.7981  3.1086  3.5823  3.6515  3.4153  3.0533  2.8189  2.6768  2.6619  2.7193  2.8764  3.1331  3.4999  3.9441  4.7496  7.7860  8.0779  8.3699  5.2444
 12.5584  4.1303  2.9578  3.4393  3.8764  3.7952  3.2727  2.8052  2.5534  2.4023  2.3535  2.3789  2.4620  2.6135  2.9186  3.3877  4.0426  5.0044  8.3699  8.6556  8.9413
 12.9342  4.4194  3.1784  3.7413  4.2060  3.8828  3.0932  2.5812  2.3306  2.2064  2.1557  2.1449  2.1856  2.2656  2.4176  2.6970  3.2096  4.0529  5.2444  8.9413  8.6556
